                                 enable  prepare  protect                                duty
   clock                          count    count    count        rate   accuracy phase  cycle
---------------------------------------------------------------------------------------------
 ext-32k                              0        0        0       32768          0     0  50000
    ext32k-gate                       0        0        0       32768          0     0  50000
 rc-16m                               1        1        0    16000000  300000000     0  50000
    iosc                              1        1        0    16000000  300000000     0  50000
       iosc-div32k                    1        1        0       32000  300000000     0  50000
          osc32k                      1        1        0       32000  300000000     0  50000
             r-apb0-ir-rx             0        0        0       32000  300000000     0  50000
             hdmi-cec                 0        0        0       32000  300000000     0  50000
             rtc-32k-fanout           0        0        0       32000  300000000     0  50000
             rtc32k                   1        1        0       32000  300000000     0  50000
                rtc-1k                1        1        0        1000  300000000     0  50000
 dcxo24M                             10       10        0    24000000          0     0  50000
    r-apb0                            1        1        0    24000000          0     0  50000
       r-apb0-cpucfg                  0        0        0    24000000          0     0  50000
       r-apb0-bus-ir-rx               0        0        0    24000000          0     0  50000
       r-ppu                          1        1        0    24000000          0     0  50000
       r-apb0-twd                     0        0        0    24000000          0     0  50000
       r-apb0-timer                   0        0        0    24000000          0     0  50000
    r-ahb                             3        3        0    24000000          0     0  50000
       r-ahb-rtc                      1        1        0    24000000          0     0  50000
       rtc-spi                        1        1        0    24000000          0     0  50000
    fanout-24m                        0        0        0    24000000          0     0  50000
    riscv                             0        0        0    24000000          0     0  50000
       riscv-axi                      0        0        0    12000000          0     0  50000
    tpadc                             0        0        0    24000000          0     0  50000
    csi0-mclk                         0        0        0    24000000          0     0  50000
    ledc                              0        0        0    24000000          0     0  50000
    tvd                               0        0        0    24000000          0     0  50000
    hdmi-24m                          0        0        0    24000000          0     0  50000
    ir-tx                             0        0        0    24000000          0     0  50000
    spi1                              0        0        0    24000000          0     0  50000
    spi0                              0        0        0    24000000          0     0  50000
    mmc0                              0        0        0    24000000          0     0  50000
    avs                               0        0        0    24000000          0     0  50000
    apb1                              4        4        0    24000000          0     0  50000
       bus-i2s2                       0        0        0    24000000          0     0  50000
       bus-i2s1                       0        0        0    24000000          0     0  50000
       bus-i2s0                       0        0        0    24000000          0     0  50000
       bus-i2c3                       0        0        0    24000000          0     0  50000
       bus-i2c2                       1        1        0    24000000          0     0  50000
       bus-i2c1                       0        0        0    24000000          0     0  50000
       bus-i2c0                       0        0        0    24000000          0     0  50000
       bus-uart5                      0        0        0    24000000          0     0  50000
       bus-uart4                      0        0        0    24000000          0     0  50000
       bus-uart3                      1        1        0    24000000          0     0  50000
       bus-uart2                      0        0        0    24000000          0     0  50000
       bus-uart1                      1        1        0    24000000          0     0  50000
       bus-uart0                      1        1        0    24000000          0     0  50000
    pll-audio1                        0        0        0  3072000000          0     0  50000
       pll-audio1-div5                0        0        0   614400000          0     0  50000
       pll-audio1-div2                0        0        0  1536000000          0     0  50000
    pll-audio0-4x                     0        0        0    49142857          0     0  50000
       i2s2-asrc                      0        0        0    49142857          0     0  50000
       pll-audio0                     0        0        0    12285714          0     0  50000
          audio-codec-adc             0        0        0    12285714          0     0  50000
          audio-codec-dac             0        0        0    12285714          0     0  50000
          dmic                        0        0        0    12285714          0     0  50000
          spdif-tx                    0        0        0    12285714          0     0  50000
          i2s2                        0        0        0    12285714          0     0  50000
          i2s1                        0        0        0    12285714          0     0  50000
          i2s0                        0        0        0    12285714          0     0  50000
       pll-audio0-2x                  0        0        0    24571428          0     0  50000
    pll-ve                            1        1        0   432000000          0     0  50000
       ve                             1        1        0   432000000          0     0  50000
    pll-video1                        0        0        0   297000000          0     0  50000
       pll-video1-4x                  0        0        0  1188000000          0     0  50000
          tcon-tv                     0        0        0  1188000000          0     0  50000
       pll-video1-2x                  0        0        0   594000000          0     0  50000
    pll-video0                        1        1        0   120000000          0     0  50000
       fanout-27m                     0        0        0   120000000          0     0  50000
       tve                            0        0        0   120000000          0     0  50000
       pll-video0-4x                  1        1        0   480000000          0     0  50000
          tcon-lcd0                   1        1        0   480000000          0     0  50000
       pll-video0-2x                  0        0        0   240000000          0     0  50000
    pll-periph0-parent                1        1        0  2400000000          0     0  50000
       pll-periph0-800m               0        0        0   800000000          0     0  50000
       pll-periph0-2x                 8        8        0  1200000000          0     0  50000
          dsp                         1        1        0   600000000          0     0  50000
          mmc1                        1        1        0   100000000          0     0  50000
          mmc2                        1        1        0   100000000          0     0  50000
          fanout-32k                  1        1        0       32768          0     0  50000
             fanout2-out-clk          0        0        0       32768          0     0  50000
             fanout1-out-clk          1        1        0       32768          0     0  50000
             fanout0-out-clk          0        0        0       32768          0     0  50000
          fanout-16m                  0        0        0    16000000          0     0  50000
          csi-top                     0        0        0  1200000000          0     0  50000
          hdmi-cec-32k                0        0        0       32768          0     0  50000
          ce                          0        0        0   400000000          0     0  50000
          g2d                         1        1        0   300000000          0     0  50000
          di                          0        0        0  1200000000          0     0  50000
          de0                         1        1        0   300000000          0     0  50000
          pll-periph0-div3            0        0        0   200000000          0     0  50000
          pll-periph0                 3        3        0   600000000          0     0  50000
             fanout-25m               0        0        0    25000000          0     0  50000
             mipi-dsi                 1        1        0   150000000          0     0  50000
             spdif-rx                 0        0        0   600000000          0     0  50000
             emac0-25m                0        0        0   600000000          0     0  50000
